600153
600155
600156
600157
600158
600159
600160
600161
600162
601158
601162
601163
601166
601168
601169
601177
601179
601186
601187
601188
601198
601199
601200
601208
601211
601212
601216
601218
601222
601225
601226
601228
601229
601231
601233
601236
601238
601279
601288
601298
601311
601318
601319
601326
601328
601330
601333
601336
601339
601360
601366
601368
601369
601375
601377
601388
601390
601398
601399
601456
601500
601512
601515
601518
601519
601528
601555
601566
601567
601568
601577
601579
601588
601595
601598
601599
601600
601601
601606
601607
601608
601609
601611
601615
601616
601618
601619
601628
601633
601636
601658
601665
601666
601668
601669
601677
601678
601686
601688
601689
